, 1111111 ,11111111 7111111111. 111. 1111. 11. 1111- 1111.
1121 1111111111 11 1111111111 111111111111111111 Ι·111111·111111; ,111-

„ionius 1111111111111 111111111111111. 111. 11111. 111. 1111. 111 1111 111-

11111111111111111111111111 1111. 11. 117.

1
J
1

’, 1111111111«1111111111111111111111111111111111111.111111111111111111.
· 11111111 1111111111111111111 111μί111111 11111111111111111111.1111111111 111 [111-
¹ 111 1111111111 11111111 ,1111111111 1111111111 11111111111111,1111111111, 11111111.

11131 1111111111 1, 1111111111 11111111111111111111.’111111111. io·

⁸ Ι Ι ” 1111111111111111.111111.111111111111111111111111.11111111111111111111·
· ι 1111111111.1111111111111111111111111111111.111-11111, ’

ἱ ’. «1111111111.1111111111111111111111111111111111111111111111111111111111111
ι momiano 1. 1111111 i. Ι. 111 1111111111111111 ,11111111 1111171·

.' 111111-111111111111111111111111111111111111111.111111111111111111111 t

111, Ι11ἷῖ

11111111111111111111 111111111111 1111111111111111 1111111111111 111

1111. 1111111111 111 1111111111111Ι 111111. k. 111-111.
1111 11111111 111, ,11111111 1111111111 11111111111111 1111111111 ,11-

111111111111 111111 1111111111111 1111111111 0111111111 111 1111111111·

1111111 1111111 111. 11111, 111111 11111111111111111111 111 1111111111 111111111111

1 111111111111111111111111111111111 11111111 111. 1111. (1111111111 11 ,11111111 ,
” ’ 11111111111111111111111111111111111111111111111111111111111,1111111- '. mg· κ’ 'fill-¹⁰:¹²
“ ’ 1111. 1111111 1111111111111 111111111 111111111111111111111211111111111 1111.

“ 11. loo.

1111111111. 1111. 1111111111 11 ,1111111111 11111. 11.1.11’-111,*.11111 ,

1111111111 1111111111]Ι 11111111 111111111111111. k. 1.·11.

1 . η13,.’111111111111111111111111 111111111111 11111111111111111111 111-11 111-
iao ,11111111 111111111111111111. 1111111111111111 11 111111 1111111 11111111

’ 1111111111 1111111· 111111111111111 1111111111111111

Ῐ 111111111111111. 11. 17111. 11. luffa-iot.

Ζ1111111111, 1111111111 1171111111. ,11111111111111 11111111111111111111 An- ⁴

. 1111111111. Volusii 111. 1111. 11111111111111111111 11111. 11. 1111.

¹ ,111111111111111111111111111111111 1 11] 111111] 11111· 111 11. 1111- 1511, ·.

da . 1311181111111111111 porti· 11111111 11111111Ι 1111111111 111111 1111111-
4 1111111 11111111 11111111 111111111111 1111111 11111 1111111111111111-
· 11111111111111111111111’.1111111111111. 1111 111111. k. 1.·11.

1111111111111111 11111111111111111. ,1111111111 1111111111 11111· 11111111·-
1111161111111111111 1111111111111111111111111111. 11111111 1111111111τ 111111·

’ ’1111111111111111 1111. 11111111 1111111 1, ,1111111111 1111111111 Ι11111

11111111111111 1111 XX 1111111 1711. 11. 11111, 1111111111 1111111111
111111111111111111111111 111111. 1111 1111111111 1 ,1111111111 Sino. Zo-

· (1111111111 1111 111111111111111 11111 1111111111111111 11 1111111111 1. 111111-

·’ - 11111111 111 1111111111 11111111151111111. 1111. 11111111111111 11111111

111. 1111. 11. iiio. 11111111111111111111 111111111111111111. 1111. 1111111111·

ί ’. - viu· 1111 toilonii 17111. 1111111111 1111111111 1111111111... 1111111
3 1111111111. ,1. 1111.

111) 1111111111 1111111111ιί 1111111111 1111111 1 ,111. 11111. 11111111111111111

11111 11111111111111111111111111111111111 11111111111111111 111111111111. 111111-
111 1111111111 1111111111

11111111111111. 1111111111. 1111111111... 111111111111-1. 1111. 1111111111 11. 111

1111 111111111111 111111111111111 111111 1111111111). 11118 11111-
11111111 11. mihim. ,

1111 1111111111 1111111111111111111 1111111111 1111. 11111111 111111111-
11111 1 ,1111111111 111111111111111111 1 11111111 11 1111111111 111. 1111111

· 1111111111Ι 11111111 1111111111 11111 11111111. 1111111111111 11 1111111 1ῖ111.

¹. . 137111111111111111111111111111111111111111111111111111111111111110, 3 11. liiii-iiiii.

1 1111 1111111111111111111 1111111111 11111, 111-1111111111 1111111111111111
1111111111. 11111111111111111111111111. 1111111111111 111111111111111 1111111111

³ 1. 1111111111 11111.. 1111 11 1111111 111.·1. 11. iiiii.

11111 1111111111 1111111111111111111111111111111 11 1111111, 11111111111111111
11111111.111111111111111 1111111111 1. 1111111111 111-111 11111111111111 111. 1111.

3 (111111111111 ,1 111-11111111 iios.. 11. 111-11111.

v “ 111111) 1111111111111111. 11111. 111111111- 11 ,111. 1711, 11. 11111·-11111’Ι .·
’ 111111111111 1111
; 1111111111 1111111111111111 1111111111 11111111111. 111
,11111111 11111. 111111111111111. 11111111, 11111111. 111.

111 1 (1111111111 111111 111111· 1111111111111111111111111 1111111111 (111..
11111111Ι 1. 1111111111 1111. 111 1111111111 1111111111 11

11111111111 1111. 111.
1111. 1111111 11. it·

ἶ 1111111111 17111. 11. 11114111.

11181 11111111 111111111111111111 111111 ,1111111111 1111111111. 111111 1

ῃ 1111111111· 1111111111 [11111111. 11111. 11. 1111.
·» Δ Μ 111111111111111 pro 1111111111111 111111111111111111 1111111111-
11 1111111111 conwoion: 11111111 1111111111 111. 1111. 1111111111 1111

’ 11 1111111 1111. 1. 111-111.

11111 (1111111111 111111111111111 1111111111·11111111111111111111

. Ι ” 11111111111111111 111111111111111. 1111112

ἲ oio-ooo: 1111111111.

i

111) 1111111111 1111111111 111111 11111 1111111111 1111111111 1

Animo 8111 71111111 111. 1111. 1111111111 1111 1111111111 11111. “

k. 111 '- .
1Ι111111111111111111111 11111111111111111111111 low. 11111111 y 111·

· · ,Δ ffiffifflffli 1111111111. 11111111111111111111ε11111111111111.11.

1 1111111111011111111111111. 1111111111

¹ 11111111ἰ11111 11111111111111111.. 1111. 1111111111 11.
; 111. .1111“’. ’

11111111111111111 11111111111111111111 11111111 1111111111 1111111111111
11111 1111 111111. 111. 11111111111111111111111 1111111111111111111111111
1111111111111111 22 111111 111111. 1111-1111’,
1111111111111111111111. 111. 1111111111111111 1111111111111

1.·111 1111111111 q ”mmm

1111 0111111111111 1111 111111111111111 1 1111111111 11 11111111111111111111Ι
1111111· 111111111111111 111. 11111111111111111 1111111111111 111111111111111,
oroloiop. 111111111111111 111.,1111111111 111. 111. 1111. 1111111111 11 111·
1111111111 1111. k. 111ῖ’-1118.

11111 111111111111111111111111 1111111 1111111111111111118111111111.
7111111111. 1111111111 11111 1111·

· 11111111 1111111111 11111. k. 1111»- -11111,

1

i

11111111 111. 111111. 1111111111. u

 

